0.000000 0.000000 0.000000 0.000000 0.000000 0.000000 0.000000 0.000000 0.299179 0.000000 0.000000 0.000000 0.000000 0.000000 4.267258 0.000000 0.900092 0.802849 0.000000 0.000000 
0.000000 0.645417 0.000000 0.000000 0.000000 2.251468 0.000000 2.206755 0.000000 0.000000 0.000000 0.000000 3.435344 2.050271 0.000000 0.000000 1.010043 0.000000 0.000000 0.000000 
0.000000 0.000000 0.000000 0.000000 1.947173 0.000000 0.000000 0.000000 0.000000 0.000000 0.000000 0.000000 0.000000 0.000000 0.603964 0.000000 0.000000 0.000000 0.000000 0.000000 
0.000000 0.000000 0.000000 0.000000 0.000000 0.000000 0.000000 0.000000 0.000000 3.479103 0.000000 0.000000 0.000000 2.651466 0.000000 0.000000 0.000000 0.000000 0.000000 0.000000 
0.000000 0.000000 0.000000 0.000000 0.000000 1.843423 0.000000 0.000000 0.000000 0.000000 0.000000 0.000000 0.000000 4.404840 2.509646 0.000000 0.000000 0.000000 0.000000 0.000000 
0.000000 0.247920 0.000000 2.414928 0.000000 3.244273 0.000000 4.852800 0.000000 1.141343 0.000000 0.000000 0.000000 0.000000 0.000000 0.000000 2.503382 0.000000 0.000000 0.000000 
0.000000 0.000000 0.000000 0.000000 0.000000 3.225366 0.000000 0.000000 0.000000 1.033478 0.000000 0.000000 0.000000 0.000000 0.000000 0.334168 0.000000 0.000000 0.000000 0.000000 
0.000000 3.357047 0.000000 0.841459 3.762184 0.000000 0.000000 0.000000 3.394182 0.000000 0.000000 3.344595 0.000000 0.000000 0.000000 0.000000 0.000000 2.667667 0.000000 0.000000 
0.000000 3.292837 0.000000 0.000000 0.000000 0.000000 0.000000 1.921557 0.000000 0.000000 0.000000 0.000000 0.000000 0.000000 0.000000 0.000000 0.000000 0.000000 0.000000 0.000000 
0.000000 4.907657 0.000000 4.585050 0.000000 0.000000 0.000000 0.190337 0.000000 0.000000 2.097727 0.000000 0.000000 0.000000 0.000000 0.000000 0.000000 0.000000 3.003606 0.000000 
0.000000 0.000000 0.000000 1.502694 0.000000 0.000000 0.000000 0.000000 0.000000 0.000000 0.000000 0.000000 0.000000 0.000000 2.752055 0.000000 0.000000 0.000000 4.155694 0.000000 
2.821901 4.636370 0.000000 0.000000 2.795353 0.000000 0.000000 0.000000 0.000000 0.000000 0.000000 4.645288 1.717326 3.526492 0.000000 4.510515 0.000000 2.710215 0.000000 0.000000 
0.000000 0.000000 0.000000 0.000000 0.000000 0.000000 0.000000 0.000000 0.000000 0.000000 0.000000 0.000000 0.000000 0.000000 2.728829 0.000000 0.090349 0.777560 3.474421 0.000000 
0.000000 0.000000 0.000000 2.944022 0.000000 1.168718 0.000000 0.468414 0.000000 0.000000 0.000000 0.000000 0.000000 0.000000 4.206042 0.000000 0.000000 0.000000 2.424771 0.000000 
0.000000 0.000000 0.627228 0.000000 2.905097 0.000000 0.000000 0.000000 0.000000 0.000000 1.282947 0.000000 0.648106 0.000000 2.509367 4.997862 4.547224 0.000000 0.000000 3.695706 
0.000000 1.518206 0.000000 0.000000 0.000000 0.000000 1.063392 0.000000 0.000000 0.000000 0.000000 0.959712 0.829870 0.000000 0.524300 0.000000 0.000000 0.000000 0.000000 0.864135 
0.000000 0.000000 0.000000 0.000000 0.000000 2.214118 0.000000 0.000000 0.000000 0.000000 0.000000 0.000000 0.000000 0.000000 0.000000 0.000000 0.000000 2.496077 0.000000 0.000000 
0.000000 0.000000 0.000000 0.000000 0.000000 0.000000 0.000000 0.000000 0.000000 0.000000 0.000000 0.000000 0.000000 0.000000 0.000000 0.000000 3.391850 0.000000 0.000000 0.000000 
0.000000 0.000000 0.000000 3.940681 0.000000 0.000000 0.000000 0.000000 0.000000 0.000000 0.000000 0.000000 0.000000 0.000000 0.000000 0.161672 0.477556 0.000000 0.177847 0.000000 
3.547310 0.000000 0.000000 0.595532 0.000000 0.000000 0.000000 0.000000 0.025852 0.000000 0.000000 0.000000 3.764787 0.000000 0.000000 1.119328 0.000000 2.293528 2.153975 0.000000 
2.826225 0.795476 0.000000 0.000000 2.101777 0.000000 0.000000 0.000000 0.000000 0.000000 4.802211 0.000000 1.556323 0.000000 0.000000 0.000000 0.000000 4.125675 0.000000 0.326642 
0.000000 0.000000 0.000000 0.000000 1.335240 0.000000 0.000000 0.000000 0.000000 2.064347 0.000000 0.000000 0.000000 0.000000 0.000000 0.000000 0.000000 0.000000 0.000000 0.000000 
0.000000 0.000000 0.000000 0.000000 0.000000 0.000000 0.000000 4.902447 0.000000 0.000000 0.000000 0.000000 0.000000 0.000000 2.519610 2.532771 0.000000 0.000000 0.000000 0.000000 
0.000000 0.000000 0.000000 0.000000 1.660474 0.000000 2.683892 3.370894 0.000000 0.000000 0.000000 0.000000 0.000000 0.117458 0.000000 4.162134 0.000000 2.639089 0.000000 0.000000 
3.712465 3.048234 0.000000 3.212031 0.000000 0.378619 0.000000 0.000000 1.014591 1.298326 4.292331 3.594937 0.000000 0.000000 0.000000 0.000000 0.000000 0.000000 0.000000 1.757965 
0.000000 0.000000 0.000000 0.000000 0.000000 0.000000 0.000000 0.000000 0.000000 0.000000 0.000000 2.232764 0.588520 2.198543 0.000000 0.000000 0.000000 0.000000 4.534500 0.000000 
2.132018 0.124944 0.000000 3.463817 0.000000 0.000000 0.000000 2.262138 0.000000 2.616061 0.000000 0.000000 0.000000 0.000000 1.286549 0.000000 0.811578 1.952556 0.000000 0.000000 
0.000000 0.000000 0.000000 1.022187 0.000000 0.000000 0.000000 0.000000 4.731402 0.000000 1.531712 0.000000 0.000000 0.000000 0.000000 3.856791 0.000000 3.355057 0.000000 0.000000 
0.000000 0.000000 0.000000 0.000000 0.000000 0.000000 0.000000 0.000000 0.000000 3.882413 0.000000 0.000000 0.000000 0.000000 0.000000 0.000000 0.000000 0.000000 0.000000 0.000000 
0.000000 0.000000 0.000000 0.000000 0.000000 0.000000 0.000000 1.511941 0.000000 4.471287 0.000000 0.000000 0.000000 0.000000 0.000000 0.000000 4.339929 0.000000 0.000000 2.170607 
