0.218307
0.722675
0.461897
0.025080
0.236881
1.935026
0.977730
0.130046
1.458551
1.474604
0.045383
1.588370
0.370465
0.777385
0.358009
0.726662
1.229943
1.582343
1.482243
1.544405
1.566698
0.186697
1.220632
0.350920
1.005761
0.072286
1.128868
1.843388
1.597398
1.887151
1.831933
0.195062
0.532785
1.554935
1.477287
0.781236
1.216059
0.468953
1.953509
1.223100
0.158176
0.471951
0.116974
0.311411
1.793475
1.168168
1.196066
1.334719
1.803169
1.015739
1.116529
1.905588
1.888644
1.036754
1.307050
0.506731
1.291155
1.862076
1.140187
1.253405
1.604199
1.733478
0.676529
1.147096
1.340429
0.777224
1.603595
1.870329
1.753851
0.458382
1.878945
1.689046
0.830124
1.419524
0.766132
0.067056
1.666532
0.844118
1.333135
1.384701
1.749903
0.396140
1.151540
1.505992
0.750622
1.336196
1.576058
0.229150
1.223020
1.685071
0.810310
1.627844
0.178752
1.926234
1.663622
0.532714
1.438094
0.221830
0.986373
0.915734
1.183650
0.106419
1.576831
0.400691
1.933225
1.854948
0.126265
1.500753
0.988600
0.692034
1.968115
0.954637
0.201849
1.060061
1.395920
0.066774
1.704464
0.289832
0.661669
1.940411
1.566176
1.873674
0.429392
1.283779
0.534338
1.106052
1.905776
0.486122
0.775427
1.742057
1.844293
1.975035
0.503420
1.816963
1.037419
0.159652
1.939147
0.657076
0.306921
0.797486
1.450406
1.072378
0.718728
1.660155
0.758599
0.343249
1.960634
1.868473
0.200689
0.511289
0.090290
1.948532
0.018256
1.873066
1.821904
0.938594
0.763598
0.383410
1.274861
1.731110
0.089553
0.395513
0.111793
1.426559
1.840964
0.034474
1.715180
0.537935
1.070535
0.248225
0.668288
1.677922
0.927020
0.293982
0.419601
1.028416
0.402937
1.579422
1.111376
1.989438
1.583714
0.145688
1.960712
0.744728
0.773975
1.988761
1.470504
0.171423
1.619768
0.893131
0.320642
0.800301
0.182406
0.348089
1.566934
1.822025
1.738400
1.499553
0.279929
1.990935